data = [[6.55525,  3.05472],
        [6.17284,  2.802609],
        [5.53946,  2.649209],
        [4.93053,  2.444444],
        [4.32544,  2.318749],
        [3.90982,  2.2875],
        [3.51294,  2.221875],
        [3.09107,  2.29375],
        [2.64013,  2.4375],
        [2.275444,  2.653124],
        [2.137945,  3.26562],
        [2.15982,  3.84375],
        [2.20982,  4.31562],
        [2.334704,  4.87873],
        [2.314264,  5.5047],
        [2.311709,  5.9135],
        [2.29638,  6.42961],
        [2.619374,  6.75021],
        [3.32448,  6.66353],
        [3.31582,  5.68866],
        [3.35159,  5.17255],
        [3.48482,  4.73125],
        [3.70669,  4.51875],
        [4.23639,  4.58968],
        [4.39592,  4.94615],
        [4.33527,  5.33862],
        [3.95968,  5.61967],
        [3.56366,  5.73976],
        [3.78818,  6.55292],
        [4.27712,  6.8283],
        [4.89532,  6.78615],
        [5.35334,  6.72433],
        [5.71583,  6.54449],
        [6.13452,  6.46019],
        [6.54478,  6.26068],
        [6.7873,  5.74615],
        [6.64086,  5.25269],
        [6.45649,  4.86206],
        [6.41586,  4.46519],
        [5.44711,  4.26519],
        [5.04087,  4.10581],
        [4.70013,  3.67405],
        [4.83482,  3.4375],
        [5.34086,  3.43394],
        [5.76392,  3.55156],0.08088436
        [6.37056,  3.8778],
        [6.53116,  3.47228]]
data = [[72, 185], [72, 185], [72, 185], [72, 185], [76, 185], [86, 185], [95, 185], [98, 184], [103, 184], [113, 183], [118, 182], [127, 181], [133, 180], [136, 180], [141, 177], [145, 176], [150, 175], [151, 174], [154, 173], [154, 173], [158, 172], [162, 171], [162, 171], [166, 171], [170, 168], [170, 168], [170, 168], [171, 168], [172, 168], [173, 168], [174, 168], [178, 168], [180, 168], [180, 168], [115, 141], [115, 141], [115, 141], [115, 141], [115, 141], [115, 142], [115, 143], [115, 145], [115, 146], [117, 147], [118, 150], [118, 151], [118, 152], [120, 155], [120, 157], [121, 160], [122, 161], [122, 163], [122, 165], [122, 166], [122, 166], [123, 170], [123, 171], [123, 173], [123, 174], [124, 175], [124, 177], [126, 180], [126, 180], [126, 182], [127, 184], [127, 185], [127, 187], [127, 192], [128, 192], [128, 192], [128, 193], [128, 193], [128, 195], [128, 196], [128, 197], [128, 202], [128, 202], [130, 203], [130, 207], [131, 207], [131, 210], [131, 210], [131, 210], [131, 211], [132, 213], [132, 214], [133, 218], [133, 220], [135, 223], [135, 225], [135, 225], [136, 228], [137, 230], [141, 233], [141, 233], [143, 234], [143, 234], [143, 234], [143, 234], [143, 234], [143, 234], [143, 236], [143, 237], [143, 237], [140, 237], [136, 237], [136, 237], [131, 237], [127, 238], [127, 238], [125, 238], [122, 241], [122, 241], [122, 241], [121, 241], [121, 241], [120, 241], [120, 241], [120, 241], [118, 241], [118, 241], [57, 245], [57, 245], [57, 245], [58, 245], [58, 245], [58, 245], [58, 245], [60, 245], [60, 245], [61, 245], [61, 245], [62, 247], [62, 251], [62, 251], [62, 253], [62, 253], [63, 254], [63, 254], [64, 255], [64, 255], [65, 258], [65, 258], [65, 260], [65, 260], [65, 260], [65, 260], [66, 263], [66, 263], [66, 263], [68, 264], [68, 264], [68, 265], [70, 266], [70, 266], [71, 268], [72, 273], [73, 273], [73, 274], [75, 276], [75, 276], [77, 277], [80, 281], [80, 281], [81, 281], [81, 281], [81, 281], [82, 281], [83, 282], [84, 282], [84, 282], [86, 282], [88, 285], [88, 285], [93, 286], [95, 286], [96, 287], [100, 290], [101, 291], [103, 291], [107, 292], [110, 293], [110, 293], [114, 294], [114, 295], [118, 298], [120, 300], [123, 301], [125, 301], [125, 302], [128, 302], [134, 302], [138, 303], [144, 303], [144, 303], [147, 303], [152, 304], [152, 304], [155, 304], [155, 304], [156, 304], [156, 304], [156, 304],]
data1 = [[185, 196], [185, 196], [185, 197], [183, 208], [182, 215], [180, 224], [177, 232], [172, 244], [167, 252], [165, 256], [160, 260], [155, 265], [149, 270], [142, 272], [137, 275], [130, 277], [122, 279], [115, 279], [109, 279], [106, 275], [103, 272], [101, 268], [101, 260], [101, 256], [101, 250], [101, 246], [104, 242], [105, 241], [109, 239], [111, 238], [118, 236], [130, 234], [138, 233], [148, 231], [159, 230], [173, 229], [187, 229], [204, 229], [214, 229], [221, 234], [229, 241], [235, 249], [238, 256], [241, 260], [243, 266], [244, 271], [244, 275], [244, 280], [244, 283], [242, 289], [238, 293], [234, 297], [229, 300], [222, 303], [219, 305], [219, 305], [219, 305], [219, 305], [219, 305]]
data2 = [[104, 198], [104, 198], [104, 198], [104, 198], [112, 198], [117, 198], [121, 199], [126, 199], [129, 200], [133, 200], [140, 201], [146, 201], [152, 202], [160, 202], [164, 202], [174, 203], [182, 203], [186, 203], [192, 203], [199, 203], [207, 203], [213, 203], [218, 203], [225, 202], [230, 202], [236, 199], [242, 198], [245, 196], [191, 161], [191, 161], [191, 161], [190, 165], [189, 169], [188, 173], [186, 177], [185, 180], [184, 182], [181, 183], [180, 186], [180, 188], [180, 188], [180, 190], [180, 191], [179, 197], [177, 200], [176, 208], [173, 213], [171, 218], [170, 222], [169, 229], [164, 237], [163, 244], [162, 249], [160, 256], [158, 266], [157, 274], [154, 283], [153, 289], [153, 294], [153, 298], [153, 303], [153, 310], [153, 318], [154, 326], [158, 333], [163, 340], [169, 347], [174, 352], [177, 354], [180, 358], [183, 360], [185, 361], [185, 361], [185, 361], [185, 361], [220, 262], [220, 262], [219, 267], [216, 274], [212, 280], [207, 288], [202, 295], [198, 299], [192, 304], [190, 307], [190, 308], [186, 310], [183, 312], [183, 313], [174, 318], [169, 321], [161, 326], [153, 333], [150, 335], [145, 337], [137, 340], [131, 341], [125, 343], [122, 344], [117, 344], [116, 345], [116, 345], [109, 345], [103, 345], [103, 345], [103, 345], [103, 345], [103, 345], [103, 345], [103, 331], [103, 321], [103, 312], [104, 305], [106, 298], [108, 292], [109, 289], [109, 287], [117, 283], [127, 280], [140, 279], [149, 279], [159, 278], [168, 277], [172, 277], [180, 277], [186, 277], [197, 277], [207, 277], [210, 277], [219, 277], [229, 279], [233, 280], [239, 284], [242, 287], [248, 291], [252, 295], [256, 298], [260, 301], [264, 307], [268, 313], [270, 320], [270, 327], [271, 339], [271, 344], [271, 352], [269, 364], [264, 376], [259, 384], [252, 391], [250, 393], [243, 399], [237, 400], [229, 403], [229, 403], [229, 403], [229, 403]]
